>AGAGAGRA	1-AGAGAGRA	5.655608	-41.767953	0	T:20.0(43.48%),B:4.4(3.22%),P:1e-18	Tpos:20.6,Tstd:11.6,Bpos:9.1,Bstd:5.2,StrandBias:10.0,Multiplicity:1.95
0.672	0.064	0.231	0.033
0.285	0.098	0.616	0.001
0.653	0.031	0.285	0.031
0.269	0.031	0.699	0.001
0.697	0.031	0.178	0.094
0.332	0.001	0.636	0.031
0.506	0.065	0.428	0.001
0.550	0.033	0.354	0.063
>AARGWSCD	2-AARGWSCD	5.982910	-34.711882	0	T:12.0(26.09%),B:1.8(1.30%),P:1e-15	Tpos:12.2,Tstd:5.0,Bpos:25.3,Bstd:10.4,StrandBias:10.0,Multiplicity:1.00
0.738	0.001	0.260	0.001
0.997	0.001	0.001	0.001
0.478	0.001	0.520	0.001
0.001	0.001	0.997	0.001
0.520	0.001	0.001	0.478
0.001	0.520	0.478	0.001
0.001	0.520	0.360	0.119
0.360	0.001	0.260	0.379
>TTTACAWM	3-TTTACAWM	0.549821	-20.479951	0	T:10.0(21.74%),B:2.7(1.99%),P:1e-8	Tpos:11.5,Tstd:6.5,Bpos:26.2,Bstd:9.1,StrandBias:10.0,Multiplicity:1.00
0.001	0.351	0.001	0.647
0.001	0.001	0.351	0.647
0.001	0.001	0.001	0.997
0.997	0.001	0.001	0.001
0.001	0.997	0.001	0.001
0.647	0.351	0.001	0.001
0.425	0.001	0.001	0.573
0.426	0.426	0.074	0.074
>GARGARGA	4-GARGARGA	7.389010	-20.113067	0	T:8.0(17.39%),B:1.7(1.26%),P:1e-8	Tpos:25.6,Tstd:11.6,Bpos:20.4,Bstd:5.5,StrandBias:10.0,Multiplicity:1.00
0.001	0.001	0.997	0.001
0.792	0.206	0.001	0.001
0.440	0.001	0.558	0.001
0.001	0.001	0.997	0.001
0.792	0.206	0.001	0.001
0.467	0.001	0.531	0.001
0.001	0.001	0.997	0.001
0.586	0.412	0.001	0.001
>CTGCTGCT	5-CTGCTGCT	5.495845	-7.852841	0	T:7.0(15.22%),B:4.9(3.64%),P:1e-3	Tpos:8.4,Tstd:2.5,Bpos:29.1,Bstd:10.4,StrandBias:10.0,Multiplicity:1.00
0.112	0.886	0.001	0.001
0.010	0.113	0.001	0.876
0.113	0.001	0.773	0.113
0.112	0.886	0.001	0.001
0.226	0.010	0.001	0.763
0.113	0.267	0.610	0.010
0.113	0.744	0.133	0.010
0.133	0.226	0.113	0.528
