>CTACCTCA	1-CTACCTCA	6.822496	-465.442994	0	T:94.0(19.71%),B:0.0(0.00%),P:1e-202	Tpos:8.6,Tstd:1.6,Bpos:0.0,Bstd:0.0,StrandBias:10.0,Multiplicity:1.00
0.076	0.851	0.021	0.052
0.005	0.005	0.001	0.989
0.997	0.001	0.001	0.001
0.001	0.997	0.001	0.001
0.001	0.997	0.001	0.001
0.001	0.004	0.001	0.994
0.004	0.994	0.001	0.001
0.689	0.102	0.052	0.157
>CTACCTAA	2-CTACCTAA	3.960896	-241.950207	0	T:63.0(13.21%),B:3.0(0.18%),P:1e-105	Tpos:6.1,Tstd:1.2,Bpos:14.0,Bstd:8.4,StrandBias:10.0,Multiplicity:1.00
0.001	0.826	0.093	0.080
0.017	0.337	0.063	0.583
0.997	0.001	0.001	0.001
0.001	0.997	0.001	0.001
0.001	0.997	0.001	0.001
0.001	0.001	0.001	0.997
0.598	0.400	0.001	0.001
0.997	0.001	0.001	0.001
>DCAGTATT	3-DCAGTATT	5.558165	-193.741184	0	T:46.0(9.64%),B:0.8(0.05%),P:1e-84	Tpos:8.1,Tstd:3.9,Bpos:12.4,Bstd:0.3,StrandBias:10.0,Multiplicity:1.02
0.265	0.091	0.340	0.304
0.015	0.969	0.015	0.001
0.984	0.001	0.001	0.014
0.001	0.001	0.997	0.001
0.001	0.014	0.001	0.984
0.997	0.001	0.001	0.001
0.001	0.014	0.001	0.984
0.001	0.001	0.001	0.997
>CTGTTACC	4-CTGTTACC	7.145238	-178.230715	0	T:43.0(9.01%),B:1.5(0.09%),P:1e-77	Tpos:8.3,Tstd:2.8,Bpos:5.4,Bstd:0.7,StrandBias:10.0,Multiplicity:1.00
0.007	0.899	0.093	0.001
0.096	0.096	0.001	0.807
0.001	0.001	0.997	0.001
0.001	0.092	0.001	0.906
0.001	0.001	0.001	0.997
0.997	0.001	0.001	0.001
0.001	0.997	0.001	0.001
0.288	0.561	0.093	0.058
>NTGGTTAC	5-NTGGTTAC	6.594028	-157.906859	0	T:39.0(8.18%),B:0.9(0.05%),P:1e-68	Tpos:15.1,Tstd:10.1,Bpos:7.5,Bstd:1.9,StrandBias:10.0,Multiplicity:1.00
0.293	0.232	0.246	0.229
0.212	0.001	0.212	0.575
0.010	0.001	0.767	0.222
0.001	0.010	0.671	0.318
0.004	0.001	0.001	0.994
0.001	0.001	0.001	0.997
0.773	0.001	0.014	0.212
0.212	0.541	0.237	0.010
>GCAGCTAA	6-GCAGCTAA	4.007918	-124.311619	0	T:47.0(9.85%),B:5.2(0.31%),P:1e-53	Tpos:9.4,Tstd:3.4,Bpos:21.2,Bstd:18.0,StrandBias:10.0,Multiplicity:1.00
0.001	0.001	0.997	0.001
0.143	0.855	0.001	0.001
0.997	0.001	0.001	0.001
0.001	0.001	0.997	0.001
0.001	0.997	0.001	0.001
0.001	0.001	0.001	0.997
0.997	0.001	0.001	0.001
0.991	0.001	0.001	0.007
>GGTGCAAT	7-GGTGCAAT	2.696299	-96.148419	0	T:39.0(8.18%),B:5.8(0.34%),P:1e-41	Tpos:8.9,Tstd:3.6,Bpos:12.1,Bstd:5.5,StrandBias:10.0,Multiplicity:1.03
0.001	0.001	0.997	0.001
0.001	0.001	0.997	0.001
0.001	0.001	0.001	0.997
0.001	0.001	0.997	0.001
0.001	0.997	0.001	0.001
0.582	0.001	0.001	0.416
0.727	0.001	0.260	0.012
0.243	0.004	0.046	0.707
>GCAGGGBT	8-GCAGGGBT	6.839215	-77.101120	0	T:22.0(4.61%),B:1.7(0.10%),P:1e-33	Tpos:14.0,Tstd:4.7,Bpos:13.8,Bstd:4.0,StrandBias:10.0,Multiplicity:1.00
0.001	0.098	0.900	0.001
0.001	0.997	0.001	0.001
0.703	0.295	0.001	0.001
0.001	0.196	0.802	0.001
0.001	0.001	0.997	0.001
0.001	0.001	0.997	0.001
0.001	0.295	0.295	0.408
0.001	0.393	0.001	0.605
>TAAGCTCA	9-TAAGCTCA	5.962994	-72.697749	0	T:21.0(4.40%),B:0.9(0.06%),P:1e-31	Tpos:8.2,Tstd:4.8,Bpos:42.9,Bstd:1.0,StrandBias:10.0,Multiplicity:1.07
0.158	0.215	0.190	0.437
0.657	0.012	0.064	0.267
0.790	0.208	0.001	0.001
0.156	0.345	0.498	0.001
0.104	0.554	0.341	0.001
0.104	0.104	0.052	0.740
0.157	0.738	0.104	0.001
0.780	0.110	0.058	0.052
>ACTTGAAT	10-ACTTGAAT	6.291044	-69.667023	0	T:24.0(5.03%),B:2.2(0.13%),P:1e-30	Tpos:25.3,Tstd:11.4,Bpos:16.5,Bstd:6.1,StrandBias:10.0,Multiplicity:1.00
0.700	0.100	0.100	0.100
0.100	0.700	0.100	0.100
0.100	0.100	0.100	0.700
0.100	0.100	0.100	0.700
0.100	0.100	0.700	0.100
0.700	0.100	0.100	0.100
0.700	0.100	0.100	0.100
0.100	0.100	0.100	0.700
>HGGAGAGG	11-HGGAGAGG	7.557602	-59.888403	0	T:26.0(5.45%),B:4.4(0.26%),P:1e-26	Tpos:13.6,Tstd:15.4,Bpos:11.9,Bstd:0.8,StrandBias:10.0,Multiplicity:1.06
0.358	0.346	0.086	0.210
0.086	0.086	0.742	0.086
0.001	0.001	0.997	0.001
0.997	0.001	0.001	0.001
0.001	0.001	0.997	0.001
0.997	0.001	0.001	0.001
0.001	0.001	0.997	0.001
0.001	0.001	0.997	0.001
>CCTCGGAA	12-CCTCGGAA	6.291044	-58.398617	0	T:21.0(4.40%),B:2.6(0.15%),P:1e-25	Tpos:9.0,Tstd:3.7,Bpos:7.7,Bstd:1.1,StrandBias:10.0,Multiplicity:1.00
0.100	0.700	0.100	0.100
0.100	0.700	0.100	0.100
0.100	0.100	0.100	0.700
0.100	0.700	0.100	0.100
0.100	0.100	0.700	0.100
0.100	0.100	0.700	0.100
0.700	0.100	0.100	0.100
0.700	0.100	0.100	0.100
>GAGAGAGR	13-GAGAGAGR	7.320918	-46.004115	0	T:53.0(11.11%),B:39.9(2.35%),P:1e-19	Tpos:24.6,Tstd:13.6,Bpos:31.8,Bstd:24.4,StrandBias:10.0,Multiplicity:1.64
0.116	0.001	0.864	0.019
0.832	0.038	0.046	0.084
0.084	0.001	0.896	0.019
0.734	0.001	0.246	0.019
0.046	0.037	0.916	0.001
0.758	0.019	0.222	0.001
0.037	0.019	0.943	0.001
0.555	0.037	0.407	0.001
>ATGTTACA	14-ATGTTACA	8.036772	-43.381482	0	T:14.0(2.94%),B:1.8(0.11%),P:1e-18	Tpos:6.7,Tstd:0.5,Bpos:22.2,Bstd:2.7,StrandBias:10.0,Multiplicity:1.00
0.728	0.001	0.001	0.270
0.066	0.066	0.066	0.802
0.001	0.001	0.997	0.001
0.001	0.001	0.001	0.997
0.001	0.001	0.001	0.997
0.997	0.001	0.001	0.001
0.001	0.997	0.001	0.001
0.997	0.001	0.001	0.001
>CGCACAAG	15-CGCACAAG	6.291044	-31.811121	0	T:11.0(2.31%),B:1.9(0.11%),P:1e-13	Tpos:9.2,Tstd:3.7,Bpos:17.0,Bstd:0.0,StrandBias:10.0,Multiplicity:1.00
0.100	0.700	0.100	0.100
0.100	0.100	0.700	0.100
0.100	0.700	0.100	0.100
0.700	0.100	0.100	0.100
0.100	0.700	0.100	0.100
0.700	0.100	0.100	0.100
0.700	0.100	0.100	0.100
0.100	0.100	0.700	0.100
>CGGGCTGC	16-CGGGCTGC	6.291044	-22.910328	0	T:12.0(2.52%),B:3.5(0.20%),P:1e-9	Tpos:8.0,Tstd:0.0,Bpos:26.1,Bstd:15.5,StrandBias:10.0,Multiplicity:1.00
0.100	0.700	0.100	0.100
0.100	0.100	0.700	0.100
0.100	0.100	0.700	0.100
0.100	0.100	0.700	0.100
0.100	0.700	0.100	0.100
0.100	0.100	0.100	0.700
0.100	0.100	0.700	0.100
0.100	0.700	0.100	0.100
>AGTTTACA	17-AGTTTACA	8.852915	-18.541678	0	T:9.0(1.89%),B:2.5(0.15%),P:1e-8	Tpos:8.6,Tstd:4.4,Bpos:29.7,Bstd:9.5,StrandBias:10.0,Multiplicity:1.00
0.889	0.001	0.109	0.001
0.001	0.001	0.997	0.001
0.001	0.001	0.001	0.997
0.001	0.001	0.001	0.997
0.001	0.001	0.001	0.997
0.997	0.001	0.001	0.001
0.001	0.997	0.001	0.001
0.997	0.001	0.001	0.001
>GGAAGCTG	18-GGAAGCTG	10.847428	-17.683065	0	T:7.0(1.47%),B:0.8(0.05%),P:1e-7	Tpos:8.0,Tstd:0.0,Bpos:4.0,Bstd:0.0,StrandBias:10.0,Multiplicity:1.00
0.001	0.001	0.997	0.001
0.001	0.001	0.997	0.001
0.997	0.001	0.001	0.001
0.997	0.001	0.001	0.001
0.001	0.001	0.997	0.001
0.001	0.997	0.001	0.001
0.001	0.001	0.001	0.997
0.001	0.099	0.801	0.099
