>CTACCTSH	1-CTACCTSH	5.367789	-256.142719	0	T:58.0(16.29%),B:1.6(0.13%),P:1e-111	Tpos:10.5,Tstd:3.6,Bpos:8.0,Bstd:0.0,StrandBias:10.0,Multiplicity:1.09
0.144	0.443	0.133	0.281
0.142	0.152	0.067	0.639
0.578	0.156	0.076	0.190
0.057	0.600	0.182	0.161
0.152	0.653	0.076	0.119
0.090	0.077	0.147	0.686
0.200	0.385	0.291	0.124
0.267	0.403	0.022	0.308
>GTACCTCW	2-GTACCTCW	3.159450	-188.777183	0	T:61.0(17.13%),B:4.3(0.36%),P:1e-81	Tpos:7.9,Tstd:1.3,Bpos:9.4,Bstd:0.8,StrandBias:10.0,Multiplicity:1.00
0.087	0.181	0.731	0.001
0.001	0.001	0.001	0.997
0.997	0.001	0.001	0.001
0.001	0.997	0.001	0.001
0.001	0.997	0.001	0.001
0.001	0.001	0.001	0.997
0.001	0.997	0.001	0.001
0.366	0.001	0.225	0.409
>CTGTTACN	3-CTGTTACN	6.259033	-171.616869	0	T:42.0(11.80%),B:0.0(0.00%),P:1e-74	Tpos:8.7,Tstd:1.9,Bpos:0.0,Bstd:0.0,StrandBias:10.0,Multiplicity:1.00
0.070	0.533	0.311	0.086
0.104	0.053	0.035	0.808
0.198	0.129	0.604	0.069
0.001	0.292	0.139	0.568
0.052	0.017	0.087	0.844
0.739	0.071	0.156	0.034
0.111	0.610	0.070	0.209
0.158	0.276	0.306	0.260
>GGTGCTAD	4-GGTGCTAD	6.548447	-151.602922	0	T:44.0(12.36%),B:2.6(0.22%),P:1e-65	Tpos:10.2,Tstd:4.1,Bpos:8.8,Bstd:1.0,StrandBias:10.0,Multiplicity:1.00
0.054	0.001	0.944	0.001
0.001	0.333	0.665	0.001
0.054	0.001	0.001	0.944
0.055	0.192	0.752	0.001
0.001	0.997	0.001	0.001
0.110	0.056	0.001	0.833
0.611	0.112	0.222	0.055
0.301	0.059	0.383	0.257
>AKTAGTAT	5-AKTAGTAT	5.834005	-134.016905	0	T:44.0(12.36%),B:3.4(0.28%),P:1e-58	Tpos:9.5,Tstd:4.3,Bpos:8.6,Bstd:2.7,StrandBias:10.0,Multiplicity:1.02
0.674	0.001	0.322	0.003
0.047	0.162	0.359	0.432
0.001	0.422	0.001	0.576
0.776	0.001	0.222	0.001
0.001	0.175	0.517	0.307
0.001	0.001	0.001	0.997
0.743	0.047	0.209	0.001
0.219	0.212	0.001	0.568
>HCGTTACM	6-HCGTTACM	5.679037	-131.832162	0	T:52.0(14.61%),B:6.7(0.55%),P:1e-57	Tpos:8.2,Tstd:3.8,Bpos:12.3,Bstd:2.6,StrandBias:10.0,Multiplicity:1.00
0.341	0.246	0.147	0.266
0.152	0.471	0.152	0.224
0.050	0.273	0.530	0.147
0.001	0.054	0.049	0.896
0.119	0.001	0.147	0.733
0.733	0.120	0.098	0.049
0.049	0.804	0.049	0.098
0.420	0.530	0.049	0.001
>ATGGTGCT	7-ATGGTGCT	3.739924	-116.892058	0	T:36.0(10.11%),B:3.0(0.25%),P:1e-50	Tpos:8.8,Tstd:3.1,Bpos:4.0,Bstd:0.0,StrandBias:10.0,Multiplicity:1.00
0.766	0.001	0.001	0.232
0.001	0.001	0.001	0.997
0.001	0.001	0.997	0.001
0.001	0.001	0.997	0.001
0.001	0.001	0.001	0.997
0.001	0.001	0.997	0.001
0.001	0.997	0.001	0.001
0.077	0.268	0.001	0.654
>TGCTGTTA	8-TGCTGTTA	3.335221	-103.291156	0	T:28.0(7.87%),B:1.5(0.12%),P:1e-44	Tpos:8.8,Tstd:2.9,Bpos:8.4,Bstd:1.2,StrandBias:10.0,Multiplicity:1.00
0.001	0.243	0.001	0.755
0.145	0.001	0.576	0.278
0.001	0.997	0.001	0.001
0.001	0.422	0.001	0.576
0.001	0.001	0.997	0.001
0.001	0.001	0.144	0.854
0.001	0.001	0.001	0.997
0.869	0.001	0.065	0.065
>AGTATTVK	9-AGTATTVK	5.352310	-97.642824	0	T:42.0(11.80%),B:6.3(0.53%),P:1e-42	Tpos:9.4,Tstd:2.1,Bpos:8.9,Bstd:3.0,StrandBias:10.0,Multiplicity:1.09
0.759	0.001	0.001	0.239
0.001	0.001	0.704	0.294
0.001	0.001	0.001	0.997
0.706	0.098	0.098	0.098
0.001	0.295	0.098	0.606
0.001	0.294	0.001	0.704
0.264	0.295	0.319	0.122
0.196	0.001	0.366	0.436
>YCTGAGCC	10-YCTGAGCC	7.658075	-62.595986	0	T:25.0(7.02%),B:3.7(0.30%),P:1e-27	Tpos:7.5,Tstd:2.4,Bpos:7.2,Bstd:0.8,StrandBias:10.0,Multiplicity:1.00
0.136	0.416	0.033	0.416
0.001	0.997	0.001	0.001
0.001	0.001	0.001	0.997
0.001	0.001	0.997	0.001
0.997	0.001	0.001	0.001
0.001	0.001	0.997	0.001
0.001	0.997	0.001	0.001
0.001	0.997	0.001	0.001
>AACGCACA	11-AACGCACA	5.527304	-38.846720	0	T:13.0(3.65%),B:1.3(0.11%),P:1e-16	Tpos:7.8,Tstd:1.7,Bpos:9.4,Bstd:1.2,StrandBias:10.0,Multiplicity:1.00
0.472	0.016	0.193	0.319
0.896	0.087	0.001	0.016
0.001	0.997	0.001	0.001
0.001	0.192	0.806	0.001
0.001	0.997	0.001	0.001
0.997	0.001	0.001	0.001
0.001	0.997	0.001	0.001
0.944	0.016	0.001	0.039
>GACCTSTC	12-GACCTSTC	6.159412	-38.846720	0	T:13.0(3.65%),B:1.0(0.08%),P:1e-16	Tpos:8.9,Tstd:3.1,Bpos:6.9,Bstd:1.7,StrandBias:10.0,Multiplicity:1.00
0.001	0.084	0.914	0.001
0.997	0.001	0.001	0.001
0.001	0.997	0.001	0.001
0.001	0.577	0.211	0.211
0.001	0.001	0.211	0.787
0.211	0.331	0.457	0.001
0.001	0.211	0.211	0.577
0.001	0.997	0.001	0.001
>GGCTCGAA	13-GGCTCGAA	2.590861	-36.573000	0	T:15.0(4.21%),B:2.5(0.21%),P:1e-15	Tpos:10.3,Tstd:5.6,Bpos:10.2,Bstd:2.8,StrandBias:10.0,Multiplicity:1.07
0.001	0.001	0.997	0.001
0.001	0.001	0.997	0.001
0.001	0.997	0.001	0.001
0.001	0.001	0.001	0.997
0.001	0.576	0.001	0.422
0.001	0.001	0.997	0.001
0.576	0.422	0.001	0.001
0.621	0.108	0.001	0.270
>CATAGCTG	14-CATAGCTG	5.481548	-36.573000	0	T:15.0(4.21%),B:2.9(0.24%),P:1e-15	Tpos:8.4,Tstd:4.3,Bpos:9.5,Bstd:2.3,StrandBias:10.0,Multiplicity:1.00
0.013	0.745	0.229	0.013
0.535	0.001	0.098	0.366
0.001	0.366	0.098	0.535
0.997	0.001	0.001	0.001
0.001	0.001	0.997	0.001
0.001	0.997	0.001	0.001
0.001	0.001	0.001	0.997
0.001	0.001	0.997	0.001
>AGAGGTAG	15-AGAGGTAG	4.161567	-18.128308	0	T:9.0(2.53%),B:2.4(0.20%),P:1e-7	Tpos:7.7,Tstd:1.9,Bpos:4.0,Bstd:0.0,StrandBias:10.0,Multiplicity:1.12
0.629	0.001	0.369	0.001
0.001	0.001	0.997	0.001
0.997	0.001	0.001	0.001
0.001	0.001	0.997	0.001
0.001	0.001	0.997	0.001
0.001	0.001	0.001	0.997
0.997	0.001	0.001	0.001
0.001	0.001	0.997	0.001
>TTCCGCAC	16-TTCCGCAC	6.291044	-18.128308	0	T:9.0(2.53%),B:2.5(0.20%),P:1e-7	Tpos:6.6,Tstd:0.8,Bpos:10.2,Bstd:1.0,StrandBias:10.0,Multiplicity:1.00
0.100	0.100	0.100	0.700
0.100	0.100	0.100	0.700
0.100	0.700	0.100	0.100
0.100	0.700	0.100	0.100
0.100	0.100	0.700	0.100
0.100	0.700	0.100	0.100
0.700	0.100	0.100	0.100
0.100	0.700	0.100	0.100
>ATCCGCTG	17-ATCCGCTG	6.291044	-14.166701	0	T:6.0(1.69%),B:0.8(0.06%),P:1e-6	Tpos:7.0,Tstd:0.0,Bpos:10.6,Bstd:0.3,StrandBias:10.0,Multiplicity:1.00
0.700	0.100	0.100	0.100
0.100	0.100	0.100	0.700
0.100	0.700	0.100	0.100
0.100	0.700	0.100	0.100
0.100	0.100	0.700	0.100
0.100	0.700	0.100	0.100
0.100	0.100	0.100	0.700
0.100	0.100	0.700	0.100
>CTACCMTA	18-CTACCMTA	7.227654	-11.138368	0	T:5.0(1.40%),B:0.5(0.04%),P:1e-4	Tpos:8.8,Tstd:2.4,Bpos:10.0,Bstd:0.0,StrandBias:10.0,Multiplicity:1.00
0.001	0.997	0.001	0.001
0.174	0.001	0.001	0.824
0.824	0.174	0.001	0.001
0.001	0.651	0.174	0.174
0.001	0.997	0.001	0.001
0.349	0.476	0.001	0.174
0.174	0.042	0.001	0.783
0.607	0.175	0.043	0.175
>AGTGCTCG	19-AGTGCTCG	6.291044	-11.138368	0	T:5.0(1.40%),B:0.7(0.06%),P:1e-4	Tpos:7.0,Tstd:0.0,Bpos:11.4,Bstd:0.3,StrandBias:10.0,Multiplicity:1.00
0.700	0.100	0.100	0.100
0.100	0.100	0.700	0.100
0.100	0.100	0.100	0.700
0.100	0.100	0.700	0.100
0.100	0.700	0.100	0.100
0.100	0.100	0.100	0.700
0.100	0.700	0.100	0.100
0.100	0.100	0.700	0.100
