>CTACCTCA	1-CTACCTCA	7.287676	-581.355177	0	T:115.0(15.73%),B:2.0(0.08%),P:1e-252	Tpos:8.5,Tstd:1.6,Bpos:12.0,Bstd:1.8,StrandBias:10.0,Multiplicity:1.01
0.285	0.441	0.055	0.218
0.228	0.108	0.001	0.663
0.838	0.054	0.054	0.054
0.001	0.997	0.001	0.001
0.001	0.997	0.001	0.001
0.054	0.054	0.163	0.729
0.054	0.757	0.188	0.001
0.638	0.136	0.166	0.060
>CTACCTSA	2-CTACCTSA	6.897563	-449.789830	0	T:148.0(20.25%),B:10.7(0.44%),P:1e-195	Tpos:8.8,Tstd:1.8,Bpos:20.5,Bstd:21.2,StrandBias:10.0,Multiplicity:1.00
0.041	0.668	0.250	0.041
0.001	0.040	0.040	0.919
0.997	0.001	0.001	0.001
0.001	0.958	0.001	0.040
0.001	0.997	0.001	0.001
0.001	0.040	0.001	0.958
0.081	0.483	0.435	0.001
0.707	0.109	0.122	0.062
>CAGTACTT	3-CAGTACTT	5.346659	-349.296030	0	T:86.0(11.76%),B:2.5(0.11%),P:1e-151	Tpos:9.6,Tstd:5.5,Bpos:21.8,Bstd:14.0,StrandBias:10.0,Multiplicity:1.00
0.289	0.605	0.001	0.105
0.997	0.001	0.001	0.001
0.001	0.001	0.997	0.001
0.001	0.001	0.001	0.997
0.997	0.001	0.001	0.001
0.001	0.814	0.001	0.184
0.001	0.035	0.001	0.963
0.150	0.001	0.017	0.832
>TTGTTACH	4-TTGTTACH	5.185769	-280.685651	0	T:102.0(13.95%),B:9.9(0.41%),P:1e-121	Tpos:15.2,Tstd:12.2,Bpos:16.8,Bstd:10.6,StrandBias:10.0,Multiplicity:1.00
0.119	0.184	0.123	0.574
0.022	0.011	0.367	0.600
0.241	0.006	0.518	0.235
0.140	0.098	0.171	0.591
0.001	0.016	0.008	0.975
0.663	0.143	0.051	0.143
0.190	0.471	0.177	0.163
0.265	0.356	0.001	0.378
>TCGGAAGC	5-TCGGAAGC	4.064501	-194.854847	0	T:47.0(6.43%),B:1.5(0.06%),P:1e-84	Tpos:11.7,Tstd:4.3,Bpos:16.0,Bstd:7.8,StrandBias:10.0,Multiplicity:1.00
0.001	0.001	0.001	0.997
0.001	0.997	0.001	0.001
0.069	0.001	0.929	0.001
0.001	0.001	0.997	0.001
0.997	0.001	0.001	0.001
0.997	0.001	0.001	0.001
0.001	0.001	0.997	0.001
0.027	0.971	0.001	0.001
>DCAGTATT	6-DCAGTATT	5.264493	-180.853266	0	T:56.0(7.66%),B:3.9(0.16%),P:1e-78	Tpos:8.4,Tstd:3.7,Bpos:12.5,Bstd:3.6,StrandBias:10.0,Multiplicity:1.02
0.311	0.081	0.353	0.255
0.001	0.989	0.009	0.001
0.997	0.001	0.001	0.001
0.001	0.001	0.997	0.001
0.001	0.009	0.001	0.989
0.997	0.001	0.001	0.001
0.001	0.009	0.001	0.989
0.001	0.001	0.040	0.958
>TAAGCASG	7-TAAGCASG	7.015665	-174.546611	0	T:43.0(5.88%),B:0.9(0.04%),P:1e-75	Tpos:19.4,Tstd:5.1,Bpos:12.8,Bstd:1.3,StrandBias:10.0,Multiplicity:1.00
0.128	0.001	0.001	0.870
0.613	0.129	0.129	0.129
0.997	0.001	0.001	0.001
0.001	0.001	0.997	0.001
0.129	0.741	0.001	0.129
0.612	0.001	0.001	0.386
0.133	0.390	0.348	0.129
0.001	0.001	0.869	0.129
>TGTTTACG	8-TGTTTACG	3.815014	-166.994856	0	T:48.0(6.57%),B:2.2(0.09%),P:1e-72	Tpos:8.7,Tstd:3.4,Bpos:8.9,Bstd:1.7,StrandBias:10.0,Multiplicity:1.00
0.003	0.134	0.078	0.785
0.001	0.001	0.997	0.001
0.001	0.001	0.001	0.997
0.001	0.001	0.001	0.997
0.001	0.001	0.001	0.997
0.997	0.001	0.001	0.001
0.001	0.997	0.001	0.001
0.235	0.001	0.763	0.001
>KGSTGCTA	9-KGSTGCTA	8.073424	-164.537126	0	T:41.0(5.61%),B:0.8(0.03%),P:1e-71	Tpos:7.6,Tstd:2.6,Bpos:29.6,Bstd:5.8,StrandBias:10.0,Multiplicity:1.00
0.058	0.135	0.335	0.472
0.001	0.001	0.835	0.163
0.109	0.488	0.348	0.055
0.001	0.001	0.001	0.997
0.054	0.001	0.891	0.054
0.001	0.781	0.109	0.109
0.001	0.001	0.001	0.997
0.727	0.001	0.218	0.054
>TRGTTAGT	10-TRGTTAGT	8.314641	-159.570407	0	T:40.0(5.47%),B:0.4(0.02%),P:1e-69	Tpos:6.9,Tstd:1.0,Bpos:16.0,Bstd:0.0,StrandBias:10.0,Multiplicity:1.00
0.001	0.183	0.183	0.633
0.449	0.001	0.549	0.001
0.001	0.001	0.997	0.001
0.001	0.001	0.001	0.997
0.001	0.001	0.001	0.997
0.997	0.001	0.001	0.001
0.001	0.001	0.816	0.182
0.001	0.001	0.001	0.997
>MCGCACAA	11-MCGCACAA	6.463952	-139.971220	0	T:36.0(4.92%),B:0.3(0.01%),P:1e-60	Tpos:8.4,Tstd:2.4,Bpos:45.0,Bstd:0.0,StrandBias:10.0,Multiplicity:1.00
0.356	0.500	0.028	0.116
0.001	0.997	0.001	0.001
0.001	0.001	0.997	0.001
0.001	0.997	0.001	0.001
0.997	0.001	0.001	0.001
0.001	0.997	0.001	0.001
0.997	0.001	0.001	0.001
0.788	0.068	0.116	0.028
>MTGTTACD	12-MTGTTACD	7.514142	-120.319228	0	T:47.0(6.43%),B:5.4(0.22%),P:1e-52	Tpos:7.0,Tstd:0.4,Bpos:19.5,Bstd:7.0,StrandBias:10.0,Multiplicity:1.00
0.474	0.363	0.163	0.001
0.001	0.001	0.001	0.997
0.001	0.001	0.997	0.001
0.001	0.001	0.001	0.997
0.001	0.001	0.001	0.997
0.997	0.001	0.001	0.001
0.001	0.636	0.362	0.001
0.274	0.001	0.363	0.363
>GTSTGATC	13-GTSTGATC	4.281777	-108.526999	0	T:38.0(5.20%),B:3.0(0.13%),P:1e-47	Tpos:6.6,Tstd:0.6,Bpos:9.5,Bstd:3.4,StrandBias:10.0,Multiplicity:1.00
0.201	0.001	0.797	0.001
0.001	0.013	0.013	0.973
0.001	0.429	0.569	0.001
0.001	0.001	0.001	0.997
0.001	0.001	0.997	0.001
0.997	0.001	0.001	0.001
0.001	0.001	0.001	0.997
0.001	0.997	0.001	0.001
>ACTTGRGT	14-ACTTGRGT	7.816167	-108.526999	0	T:38.0(5.20%),B:3.1(0.13%),P:1e-47	Tpos:28.0,Tstd:15.8,Bpos:19.2,Bstd:8.1,StrandBias:10.0,Multiplicity:1.00
0.997	0.001	0.001	0.001
0.001	0.997	0.001	0.001
0.001	0.001	0.001	0.997
0.001	0.001	0.001	0.997
0.001	0.001	0.997	0.001
0.543	0.003	0.453	0.001
0.197	0.001	0.536	0.266
0.003	0.266	0.266	0.464
>CCTCGGAA	15-CCTCGGAA	7.719698	-106.816401	0	T:29.0(3.97%),B:0.0(0.00%),P:1e-46	Tpos:10.9,Tstd:4.6,Bpos:0.0,Bstd:0.0,StrandBias:10.0,Multiplicity:1.00
0.001	0.749	0.249	0.001
0.001	0.997	0.001	0.001
0.001	0.001	0.001	0.997
0.001	0.997	0.001	0.001
0.249	0.001	0.749	0.001
0.001	0.001	0.997	0.001
0.749	0.001	0.249	0.001
0.749	0.001	0.249	0.001
>GAGAGAGG	16-GAGAGAGG	4.606469	-94.953601	0	T:102.0(13.95%),B:64.6(2.67%),P:1e-41	Tpos:26.2,Tstd:13.4,Bpos:30.0,Bstd:30.8,StrandBias:10.0,Multiplicity:1.41
0.001	0.001	0.997	0.001
0.997	0.001	0.001	0.001
0.001	0.001	0.968	0.030
0.997	0.001	0.001	0.001
0.001	0.001	0.997	0.001
0.977	0.001	0.021	0.001
0.021	0.001	0.977	0.001
0.054	0.001	0.944	0.001
>GTCGGGCC	17-GTCGGGCC	5.637315	-62.600347	0	T:19.0(2.60%),B:1.2(0.05%),P:1e-27	Tpos:24.6,Tstd:8.3,Bpos:6.8,Bstd:1.0,StrandBias:10.0,Multiplicity:1.11
0.001	0.362	0.636	0.001
0.001	0.001	0.001	0.997
0.363	0.607	0.001	0.029
0.001	0.001	0.997	0.001
0.001	0.001	0.997	0.001
0.362	0.001	0.636	0.001
0.001	0.607	0.029	0.363
0.029	0.969	0.001	0.001
>GGGGGGGG	18-GGGGGGGG	4.152526	-42.352423	0	T:14.0(1.92%),B:2.0(0.08%),P:1e-18	Tpos:22.2,Tstd:11.8,Bpos:5.4,Bstd:0.9,StrandBias:10.0,Multiplicity:1.18
0.001	0.010	0.988	0.001
0.001	0.004	0.994	0.001
0.001	0.004	0.994	0.001
0.001	0.001	0.997	0.001
0.001	0.004	0.994	0.001
0.001	0.001	0.997	0.001
0.001	0.001	0.997	0.001
0.001	0.001	0.997	0.001
>AGGGAGAA	19-AGGGAGAA	8.236954	-38.497260	0	T:13.0(1.78%),B:0.0(0.00%),P:1e-16	Tpos:12.8,Tstd:6.9,Bpos:0.0,Bstd:0.0,StrandBias:10.0,Multiplicity:1.00
0.700	0.100	0.100	0.100
0.100	0.100	0.700	0.100
0.100	0.100	0.700	0.100
0.100	0.100	0.700	0.100
0.700	0.100	0.100	0.100
0.100	0.100	0.700	0.100
0.700	0.100	0.100	0.100
0.700	0.100	0.100	0.100
>MGCTGCTA	20-MGCTGCTA	8.748549	-35.749420	0	T:20.0(2.74%),B:5.8(0.24%),P:1e-15	Tpos:7.0,Tstd:0.0,Bpos:7.6,Bstd:6.5,StrandBias:10.0,Multiplicity:1.00
0.555	0.443	0.001	0.001
0.001	0.001	0.997	0.001
0.001	0.777	0.221	0.001
0.001	0.001	0.001	0.997
0.001	0.001	0.997	0.001
0.001	0.997	0.001	0.001
0.001	0.001	0.001	0.997
0.997	0.001	0.001	0.001
>AAGAGAGR	21-AAGAGAGR	8.072807	-28.589506	0	T:31.0(4.24%),B:20.8(0.86%),P:1e-12	Tpos:17.4,Tstd:16.6,Bpos:18.0,Bstd:22.5,StrandBias:10.0,Multiplicity:1.06
0.764	0.123	0.112	0.001
0.997	0.001	0.001	0.001
0.001	0.111	0.887	0.001
0.997	0.001	0.001	0.001
0.001	0.001	0.997	0.001
0.691	0.112	0.196	0.001
0.001	0.001	0.887	0.111
0.419	0.001	0.468	0.112
>MGGGAGGG	22-MGGGAGGG	8.196268	-16.061696	0	T:21.0(2.87%),B:17.7(0.73%),P:1e-6	Tpos:13.1,Tstd:8.1,Bpos:12.9,Bstd:8.9,StrandBias:10.0,Multiplicity:1.23
0.453	0.545	0.001	0.001
0.266	0.001	0.732	0.001
0.266	0.001	0.732	0.001
0.001	0.001	0.997	0.001
0.997	0.001	0.001	0.001
0.001	0.001	0.997	0.001
0.001	0.279	0.719	0.001
0.001	0.001	0.732	0.266
>CACCTCAG	23-CACCTCAG	10.917336	-14.038616	0	T:6.0(0.82%),B:0.8(0.03%),P:1e-6	Tpos:8.6,Tstd:3.2,Bpos:5.0,Bstd:0.0,StrandBias:10.0,Multiplicity:1.00
0.139	0.859	0.001	0.001
0.997	0.001	0.001	0.001
0.001	0.997	0.001	0.001
0.001	0.997	0.001	0.001
0.001	0.001	0.001	0.997
0.001	0.997	0.001	0.001
0.997	0.001	0.001	0.001
0.001	0.001	0.997	0.001
