>CTACCTCW	1-CTACCTCW	6.206822	-433.628158	0	T:109.0(25.12%),B:3.3(0.23%),P:1e-188	Tpos:10.1,Tstd:3.0,Bpos:12.0,Bstd:0.0,StrandBias:10.0,Multiplicity:1.07
0.131	0.738	0.093	0.038
0.001	0.037	0.001	0.961
0.923	0.001	0.001	0.075
0.001	0.961	0.001	0.037
0.038	0.923	0.001	0.038
0.153	0.076	0.038	0.733
0.274	0.481	0.207	0.038
0.415	0.235	0.039	0.311
>STRTTACG	2-STRTTACG	5.573536	-402.068803	0	T:84.0(19.35%),B:1.6(0.11%),P:1e-174	Tpos:9.3,Tstd:2.6,Bpos:7.8,Bstd:2.6,StrandBias:10.0,Multiplicity:1.02
0.074	0.379	0.440	0.107
0.241	0.021	0.042	0.696
0.376	0.084	0.477	0.063
0.021	0.220	0.073	0.686
0.021	0.021	0.042	0.916
0.758	0.106	0.094	0.042
0.064	0.679	0.085	0.172
0.142	0.159	0.426	0.272
>CAGTATTA	3-CAGTATTA	5.226782	-265.947695	0	T:60.0(13.82%),B:1.7(0.12%),P:1e-115	Tpos:9.5,Tstd:2.6,Bpos:5.6,Bstd:2.4,StrandBias:10.0,Multiplicity:1.04
0.012	0.975	0.001	0.012
0.997	0.001	0.001	0.001
0.001	0.001	0.997	0.001
0.001	0.001	0.001	0.997
0.997	0.001	0.001	0.001
0.011	0.001	0.001	0.987
0.001	0.012	0.012	0.975
0.749	0.001	0.001	0.249
>GWTGTTAC	4-GWTGTTAC	7.017301	-178.967021	0	T:55.0(12.67%),B:3.8(0.26%),P:1e-77	Tpos:6.8,Tstd:1.7,Bpos:14.0,Bstd:1.8,StrandBias:10.0,Multiplicity:1.00
0.314	0.003	0.470	0.213
0.319	0.086	0.172	0.423
0.179	0.001	0.086	0.734
0.085	0.001	0.913	0.001
0.001	0.001	0.085	0.913
0.001	0.085	0.001	0.913
0.913	0.085	0.001	0.001
0.085	0.913	0.001	0.001
>GGCAGCTR	5-GGCAGCTR	4.161567	-107.663167	0	T:29.0(6.68%),B:1.7(0.12%),P:1e-46	Tpos:8.9,Tstd:2.6,Bpos:7.4,Bstd:0.6,StrandBias:10.0,Multiplicity:1.00
0.001	0.001	0.997	0.001
0.001	0.001	0.997	0.001
0.001	0.997	0.001	0.001
0.997	0.001	0.001	0.001
0.001	0.001	0.997	0.001
0.001	0.997	0.001	0.001
0.001	0.001	0.001	0.997
0.409	0.112	0.478	0.001
>TCAGTATC	6-TCAGTATC	6.291044	-102.132112	0	T:36.0(8.29%),B:3.2(0.22%),P:1e-44	Tpos:8.5,Tstd:2.4,Bpos:8.5,Bstd:0.8,StrandBias:10.0,Multiplicity:1.00
0.100	0.100	0.100	0.700
0.100	0.700	0.100	0.100
0.700	0.100	0.100	0.100
0.100	0.100	0.700	0.100
0.100	0.100	0.100	0.700
0.700	0.100	0.100	0.100
0.100	0.100	0.100	0.700
0.100	0.700	0.100	0.100
>TGGTGCTA	7-TGGTGCTA	6.291044	-95.844689	0	T:31.0(7.14%),B:2.8(0.19%),P:1e-41	Tpos:8.2,Tstd:0.8,Bpos:12.0,Bstd:2.5,StrandBias:10.0,Multiplicity:1.00
0.100	0.100	0.100	0.700
0.100	0.100	0.700	0.100
0.100	0.100	0.700	0.100
0.100	0.100	0.100	0.700
0.100	0.100	0.700	0.100
0.100	0.700	0.100	0.100
0.100	0.100	0.100	0.700
0.700	0.100	0.100	0.100
>TACTTGAG	8-TACTTGAG	5.442167	-93.836630	0	T:26.0(5.99%),B:1.1(0.08%),P:1e-40	Tpos:9.5,Tstd:4.4,Bpos:7.5,Bstd:0.9,StrandBias:10.0,Multiplicity:1.00
0.002	0.035	0.365	0.598
0.997	0.001	0.001	0.001
0.001	0.997	0.001	0.001
0.001	0.001	0.001	0.997
0.001	0.001	0.001	0.997
0.001	0.001	0.997	0.001
0.997	0.001	0.001	0.001
0.404	0.006	0.575	0.015
>TGTTASYR	9-TGTTASYR	6.953101	-72.792576	0	T:28.0(6.45%),B:3.3(0.23%),P:1e-31	Tpos:8.0,Tstd:1.3,Bpos:4.3,Bstd:0.6,StrandBias:10.0,Multiplicity:1.00
0.001	0.212	0.212	0.575
0.001	0.001	0.997	0.001
0.001	0.001	0.001	0.997
0.001	0.001	0.001	0.997
0.997	0.001	0.001	0.001
0.001	0.424	0.574	0.001
0.001	0.574	0.001	0.424
0.574	0.001	0.424	0.001
>GCACCTAC	10-GCACCTAC	6.291044	-72.247099	0	T:25.0(5.76%),B:3.0(0.20%),P:1e-31	Tpos:12.0,Tstd:6.8,Bpos:4.0,Bstd:0.0,StrandBias:10.0,Multiplicity:1.00
0.100	0.100	0.700	0.100
0.100	0.700	0.100	0.100
0.700	0.100	0.100	0.100
0.100	0.700	0.100	0.100
0.100	0.700	0.100	0.100
0.100	0.100	0.100	0.700
0.700	0.100	0.100	0.100
0.100	0.700	0.100	0.100
>ACCTATCC	11-ACCTATCC	6.767372	-53.720246	0	T:20.0(4.61%),B:2.8(0.19%),P:1e-23	Tpos:8.2,Tstd:1.5,Bpos:8.7,Bstd:1.1,StrandBias:10.0,Multiplicity:1.06
0.678	0.007	0.204	0.111
0.001	0.627	0.279	0.093
0.001	0.997	0.001	0.001
0.001	0.001	0.001	0.997
0.906	0.092	0.001	0.001
0.093	0.297	0.093	0.517
0.001	0.627	0.186	0.186
0.186	0.720	0.093	0.001
>KCTATCCT	12-KCTATCCT	3.685979	-50.631484	0	T:16.0(3.69%),B:1.4(0.10%),P:1e-21	Tpos:9.7,Tstd:3.3,Bpos:9.3,Bstd:0.8,StrandBias:10.0,Multiplicity:1.00
0.001	0.001	0.424	0.574
0.001	0.786	0.001	0.212
0.001	0.001	0.001	0.997
0.997	0.001	0.001	0.001
0.212	0.001	0.001	0.786
0.001	0.997	0.001	0.001
0.001	0.997	0.001	0.001
0.001	0.001	0.001	0.997
>CGCACAGT	13-CGCACAGT	5.620858	-42.655584	0	T:14.0(3.23%),B:1.8(0.12%),P:1e-18	Tpos:8.9,Tstd:0.7,Bpos:4.0,Bstd:0.0,StrandBias:10.0,Multiplicity:1.00
0.001	0.997	0.001	0.001
0.001	0.001	0.997	0.001
0.001	0.997	0.001	0.001
0.997	0.001	0.001	0.001
0.001	0.997	0.001	0.001
0.997	0.001	0.001	0.001
0.359	0.001	0.575	0.065
0.066	0.132	0.066	0.736
>GTATTCCG	14-GTATTCCG	7.333937	-24.065365	0	T:9.0(2.07%),B:0.9(0.06%),P:1e-10	Tpos:8.7,Tstd:2.0,Bpos:5.8,Bstd:0.9,StrandBias:10.0,Multiplicity:1.00
0.200	0.200	0.599	0.001
0.001	0.001	0.001	0.997
0.997	0.001	0.001	0.001
0.001	0.001	0.001	0.997
0.001	0.001	0.001	0.997
0.001	0.997	0.001	0.001
0.001	0.799	0.001	0.199
0.001	0.001	0.799	0.199
>AAACTTGA	15-AAACTTGA	6.291044	-19.685151	0	T:11.0(2.53%),B:3.0(0.21%),P:1e-8	Tpos:6.0,Tstd:0.0,Bpos:7.3,Bstd:0.9,StrandBias:10.0,Multiplicity:1.00
0.700	0.100	0.100	0.100
0.700	0.100	0.100	0.100
0.700	0.100	0.100	0.100
0.100	0.700	0.100	0.100
0.100	0.100	0.100	0.700
0.100	0.100	0.100	0.700
0.100	0.100	0.700	0.100
0.700	0.100	0.100	0.100
>TTACCTCA	16-TTACCTCA	4.978385	-16.784971	0	T:11.0(2.53%),B:4.5(0.31%),P:1e-7	Tpos:7.2,Tstd:1.6,Bpos:8.1,Bstd:1.8,StrandBias:10.0,Multiplicity:1.00
0.001	0.001	0.001	0.997
0.001	0.001	0.001	0.997
0.997	0.001	0.001	0.001
0.001	0.894	0.001	0.104
0.001	0.997	0.001	0.001
0.001	0.001	0.001	0.997
0.001	0.894	0.104	0.001
0.790	0.001	0.001	0.208
>GWTGTCST	17-GWTGTCST	7.395347	-11.120413	0	T:5.0(1.15%),B:0.9(0.06%),P:1e-4	Tpos:7.5,Tstd:1.5,Bpos:10.0,Bstd:0.5,StrandBias:10.0,Multiplicity:1.00
0.001	0.226	0.747	0.026
0.365	0.158	0.001	0.477
0.001	0.365	0.027	0.607
0.143	0.001	0.855	0.001
0.138	0.001	0.001	0.860
0.001	0.996	0.002	0.001
0.001	0.423	0.475	0.101
0.001	0.001	0.001	0.997
>AGTTACAT	18-AGTTACAT	3.792058	-3.546241	0	T:8.0(1.84%),B:12.5(0.86%),P:1e-1	Tpos:7.0,Tstd:0.0,Bpos:8.4,Bstd:1.6,StrandBias:10.0,Multiplicity:1.00
0.997	0.001	0.001	0.001
0.001	0.001	0.997	0.001
0.001	0.001	0.001	0.997
0.001	0.001	0.001	0.997
0.997	0.001	0.001	0.001
0.001	0.997	0.001	0.001
0.689	0.001	0.001	0.309
0.001	0.001	0.309	0.689
>NNNNNNNN	19-NNNNNNNN	nan	0.000000	0	T:0.0(0.00%),B:0.0(0.00%),P:1e0	Tpos:0.0,Tstd:0.0,Bpos:0.0,Bstd:0.0,StrandBias:0.0,Multiplicity:1.00
nan	nan	nan	nan
nan	nan	nan	nan
nan	nan	nan	nan
nan	nan	nan	nan
nan	nan	nan	nan
nan	nan	nan	nan
nan	nan	nan	nan
nan	nan	nan	nan
