>TMGACCTC	1-TMGACCTC	1.884823	-78.595773	0	T:26.0(16.35%),B:2.1(0.37%),P:1e-34	Tpos:8.6,Tstd:4.6,Bpos:4.7,Bstd:0.4,StrandBias:10.0,Multiplicity:1.00
0.001	0.281	0.235	0.483
0.424	0.354	0.001	0.221
0.001	0.001	0.635	0.363
0.997	0.001	0.001	0.001
0.001	0.997	0.001	0.001
0.001	0.997	0.001	0.001
0.001	0.001	0.001	0.997
0.001	0.997	0.001	0.001
>TGSTGCTA	2-TGSTGCTA	4.644804	-41.755549	0	T:24.0(15.09%),B:7.5(1.34%),P:1e-18	Tpos:9.5,Tstd:5.5,Bpos:8.1,Bstd:1.9,StrandBias:10.0,Multiplicity:1.13
0.013	0.001	0.175	0.811
0.001	0.175	0.649	0.175
0.001	0.538	0.460	0.001
0.001	0.001	0.001	0.997
0.001	0.001	0.997	0.001
0.001	0.997	0.001	0.001
0.001	0.175	0.175	0.649
0.636	0.014	0.175	0.175
>CTGTGCCA	3-CTGTGCCA	6.291044	-37.551460	0	T:15.0(9.43%),B:2.5(0.45%),P:1e-16	Tpos:12.3,Tstd:9.1,Bpos:5.0,Bstd:0.0,StrandBias:10.0,Multiplicity:1.00
0.100	0.700	0.100	0.100
0.100	0.100	0.100	0.700
0.100	0.100	0.700	0.100
0.100	0.100	0.100	0.700
0.100	0.100	0.700	0.100
0.100	0.700	0.100	0.100
0.100	0.700	0.100	0.100
0.700	0.100	0.100	0.100
>CAGTATTA	4-CAGTATTA	6.291044	-37.551460	0	T:15.0(9.43%),B:2.8(0.49%),P:1e-16	Tpos:8.3,Tstd:1.2,Bpos:11.6,Bstd:0.7,StrandBias:10.0,Multiplicity:1.00
0.100	0.700	0.100	0.100
0.700	0.100	0.100	0.100
0.100	0.100	0.700	0.100
0.100	0.100	0.100	0.700
0.700	0.100	0.100	0.100
0.100	0.100	0.100	0.700
0.100	0.100	0.100	0.700
0.700	0.100	0.100	0.100
>GTTACAGG	5-GTTACAGG	2.108599	-34.186476	0	T:14.0(8.81%),B:2.0(0.36%),P:1e-14	Tpos:12.3,Tstd:5.6,Bpos:9.4,Bstd:3.3,StrandBias:10.0,Multiplicity:1.00
0.001	0.001	0.997	0.001
0.001	0.001	0.399	0.599
0.399	0.001	0.001	0.599
0.997	0.001	0.001	0.001
0.001	0.997	0.001	0.001
0.997	0.001	0.001	0.001
0.001	0.001	0.799	0.199
0.001	0.001	0.599	0.399
>CCCCTGGA	6-CCCCTGGA	6.291044	-31.947708	0	T:11.0(6.92%),B:1.7(0.30%),P:1e-13	Tpos:10.6,Tstd:5.1,Bpos:8.0,Bstd:0.0,StrandBias:10.0,Multiplicity:1.00
0.100	0.700	0.100	0.100
0.100	0.700	0.100	0.100
0.100	0.700	0.100	0.100
0.100	0.700	0.100	0.100
0.100	0.100	0.100	0.700
0.100	0.100	0.700	0.100
0.100	0.100	0.700	0.100
0.700	0.100	0.100	0.100
>CCTGCTGT	7-CCTGCTGT	5.000197	-29.074255	0	T:20.0(12.58%),B:8.2(1.47%),P:1e-12	Tpos:11.2,Tstd:7.6,Bpos:10.7,Bstd:2.9,StrandBias:10.0,Multiplicity:1.00
0.007	0.621	0.226	0.146
0.291	0.635	0.001	0.073
0.240	0.146	0.219	0.395
0.073	0.073	0.781	0.073
0.146	0.635	0.218	0.001
0.073	0.001	0.176	0.750
0.001	0.146	0.635	0.218
0.001	0.146	0.073	0.780
>CTGCAGTG	8-CTGCAGTG	5.720059	-24.396419	0	T:17.0(10.69%),B:7.0(1.25%),P:1e-10	Tpos:6.9,Tstd:1.9,Bpos:14.1,Bstd:5.1,StrandBias:10.0,Multiplicity:1.00
0.149	0.701	0.001	0.149
0.001	0.148	0.001	0.850
0.149	0.001	0.701	0.149
0.001	0.659	0.319	0.021
0.850	0.001	0.001	0.148
0.021	0.170	0.808	0.001
0.001	0.001	0.001	0.997
0.298	0.149	0.552	0.001
>ACCTCTTT	9-ACCTCTTT	6.291044	-15.198388	0	T:9.0(5.66%),B:3.6(0.65%),P:1e-6	Tpos:5.8,Tstd:0.4,Bpos:12.1,Bstd:4.9,StrandBias:10.0,Multiplicity:1.00
0.700	0.100	0.100	0.100
0.100	0.700	0.100	0.100
0.100	0.700	0.100	0.100
0.100	0.100	0.100	0.700
0.100	0.700	0.100	0.100
0.100	0.100	0.100	0.700
0.100	0.100	0.100	0.700
0.100	0.100	0.100	0.700
