>CTGTTACA	1-CTGTTACA	4.079014	-772.895741	0	T:164.0(15.91%),B:2.5(0.07%),P:1e-335	Tpos:8.9,Tstd:1.7,Bpos:9.2,Bstd:1.8,StrandBias:10.0,Multiplicity:1.01
0.080	0.918	0.001	0.001
0.001	0.001	0.001	0.997
0.001	0.001	0.997	0.001
0.001	0.001	0.001	0.997
0.001	0.001	0.001	0.997
0.997	0.001	0.001	0.001
0.001	0.997	0.001	0.001
0.842	0.129	0.001	0.028
>TCTACCTC	2-TCTACCTC	4.115381	-736.324453	0	T:211.0(20.47%),B:9.7(0.28%),P:1e-319	Tpos:8.7,Tstd:2.5,Bpos:10.7,Bstd:5.3,StrandBias:10.0,Multiplicity:1.01
0.160	0.290	0.074	0.476
0.005	0.965	0.002	0.028
0.001	0.001	0.001	0.997
0.997	0.001	0.001	0.001
0.001	0.997	0.001	0.001
0.001	0.997	0.001	0.001
0.001	0.001	0.001	0.997
0.001	0.997	0.001	0.001
>CACCTCAC	3-CACCTCAC	7.434890	-695.545265	0	T:134.0(13.00%),B:1.5(0.04%),P:1e-302	Tpos:8.3,Tstd:2.6,Bpos:4.0,Bstd:0.0,StrandBias:10.0,Multiplicity:1.00
0.090	0.549	0.001	0.360
0.997	0.001	0.001	0.001
0.001	0.997	0.001	0.001
0.001	0.997	0.001	0.001
0.001	0.001	0.001	0.997
0.001	0.997	0.001	0.001
0.909	0.001	0.001	0.089
0.001	0.819	0.090	0.090
>GCTGTTAC	4-GCTGTTAC	6.200524	-637.020068	0	T:189.0(18.33%),B:10.0(0.29%),P:1e-276	Tpos:7.5,Tstd:4.2,Bpos:9.9,Bstd:6.9,StrandBias:10.0,Multiplicity:1.00
0.247	0.078	0.458	0.218
0.098	0.609	0.126	0.167
0.298	0.078	0.126	0.498
0.077	0.001	0.921	0.001
0.001	0.116	0.038	0.845
0.001	0.001	0.115	0.883
0.805	0.039	0.078	0.078
0.257	0.662	0.042	0.039
>CAGTATTA	5-CAGTATTA	7.556737	-630.753831	0	T:139.0(13.48%),B:2.2(0.06%),P:1e-273	Tpos:9.8,Tstd:3.6,Bpos:8.0,Bstd:1.6,StrandBias:10.0,Multiplicity:1.01
0.045	0.935	0.010	0.010
0.996	0.002	0.001	0.001
0.001	0.001	0.997	0.001
0.001	0.001	0.001	0.997
0.997	0.001	0.001	0.001
0.002	0.001	0.001	0.996
0.001	0.001	0.001	0.997
0.662	0.001	0.058	0.279
>CCAGTATG	6-CCAGTATG	4.677395	-539.822461	0	T:140.0(13.58%),B:4.8(0.14%),P:1e-234	Tpos:9.2,Tstd:2.8,Bpos:9.0,Bstd:2.1,StrandBias:10.0,Multiplicity:1.00
0.001	0.818	0.010	0.171
0.001	0.997	0.001	0.001
0.997	0.001	0.001	0.001
0.001	0.001	0.997	0.001
0.001	0.001	0.001	0.997
0.997	0.001	0.001	0.001
0.001	0.001	0.001	0.997
0.001	0.253	0.579	0.167
>CAGTATTA	7-CAGTATTA	6.943236	-447.859757	0	T:114.0(11.06%),B:4.0(0.12%),P:1e-194	Tpos:7.0,Tstd:0.9,Bpos:14.1,Bstd:5.0,StrandBias:10.0,Multiplicity:1.00
0.148	0.445	0.214	0.193
0.544	0.296	0.159	0.001
0.001	0.001	0.997	0.001
0.001	0.001	0.147	0.851
0.851	0.001	0.147	0.001
0.148	0.001	0.010	0.841
0.001	0.001	0.001	0.997
0.851	0.147	0.001	0.001
>TGGTGCTA	8-TGGTGCTA	5.273137	-346.077116	0	T:93.0(9.02%),B:3.1(0.09%),P:1e-150	Tpos:9.0,Tstd:2.7,Bpos:12.0,Bstd:3.2,StrandBias:10.0,Multiplicity:1.00
0.001	0.005	0.012	0.982
0.001	0.001	0.997	0.001
0.001	0.004	0.994	0.001
0.001	0.001	0.001	0.997
0.001	0.001	0.997	0.001
0.001	0.986	0.001	0.012
0.012	0.005	0.001	0.982
0.624	0.053	0.132	0.191
>TACTTGAA	9-TACTTGAA	9.074222	-249.550493	0	T:66.0(6.40%),B:3.0(0.09%),P:1e-108	Tpos:7.8,Tstd:3.1,Bpos:7.4,Bstd:0.9,StrandBias:10.0,Multiplicity:1.00
0.241	0.136	0.219	0.404
0.997	0.001	0.001	0.001
0.001	0.997	0.001	0.001
0.001	0.001	0.001	0.997
0.001	0.001	0.001	0.997
0.001	0.001	0.997	0.001
0.997	0.001	0.001	0.001
0.997	0.001	0.001	0.001
>TGCACTTT	10-TGCACTTT	8.462877	-225.478309	0	T:53.0(5.14%),B:1.1(0.03%),P:1e-97	Tpos:8.1,Tstd:4.2,Bpos:10.0,Bstd:0.0,StrandBias:10.0,Multiplicity:1.02
0.263	0.075	0.118	0.544
0.001	0.001	0.997	0.001
0.001	0.997	0.001	0.001
0.997	0.001	0.001	0.001
0.001	0.997	0.001	0.001
0.009	0.009	0.001	0.981
0.001	0.001	0.001	0.997
0.001	0.001	0.001	0.997
>GTGTTAYS	11-GTGTTAYS	6.556957	-207.323250	0	T:57.0(5.53%),B:2.3(0.07%),P:1e-90	Tpos:9.5,Tstd:3.4,Bpos:9.8,Bstd:1.7,StrandBias:10.0,Multiplicity:1.00
0.089	0.315	0.509	0.087
0.168	0.082	0.089	0.661
0.081	0.001	0.917	0.001
0.041	0.341	0.082	0.536
0.001	0.040	0.001	0.958
0.917	0.041	0.041	0.001
0.194	0.427	0.003	0.375
0.106	0.310	0.416	0.168
>TACCTRCC	12-TACCTRCC	6.856795	-172.302908	0	T:58.0(5.63%),B:4.4(0.13%),P:1e-74	Tpos:11.0,Tstd:4.0,Bpos:5.8,Bstd:4.1,StrandBias:10.0,Multiplicity:1.14
0.001	0.001	0.001	0.997
0.925	0.037	0.037	0.001
0.001	0.909	0.089	0.001
0.037	0.925	0.037	0.001
0.036	0.001	0.001	0.962
0.423	0.074	0.467	0.037
0.202	0.612	0.001	0.185
0.086	0.430	0.225	0.259
>CGCACAGK	13-CGCACAGK	5.977424	-98.773809	0	T:32.0(3.10%),B:2.7(0.08%),P:1e-42	Tpos:9.8,Tstd:2.8,Bpos:6.2,Bstd:1.3,StrandBias:10.0,Multiplicity:1.00
0.001	0.997	0.001	0.001
0.001	0.001	0.995	0.003
0.001	0.997	0.001	0.001
0.997	0.001	0.001	0.001
0.001	0.997	0.001	0.001
0.895	0.001	0.103	0.001
0.060	0.001	0.564	0.375
0.114	0.135	0.383	0.368
>CTGCTGAN	14-CTGCTGAN	9.348953	-89.166600	0	T:67.0(6.50%),B:26.8(0.78%),P:1e-38	Tpos:8.7,Tstd:3.2,Bpos:12.5,Bstd:11.0,StrandBias:10.0,Multiplicity:1.02
0.001	0.997	0.001	0.001
0.001	0.001	0.001	0.997
0.001	0.001	0.997	0.001
0.001	0.997	0.001	0.001
0.001	0.001	0.001	0.997
0.001	0.001	0.997	0.001
0.997	0.001	0.001	0.001
0.310	0.255	0.256	0.179
>GTGTTACK	15-GTGTTACK	7.211334	-87.271398	0	T:35.0(3.39%),B:4.7(0.14%),P:1e-37	Tpos:7.0,Tstd:0.7,Bpos:9.8,Bstd:4.3,StrandBias:10.0,Multiplicity:1.00
0.068	0.001	0.764	0.167
0.001	0.067	0.001	0.931
0.001	0.001	0.997	0.001
0.001	0.067	0.001	0.931
0.001	0.001	0.001	0.997
0.997	0.001	0.001	0.001
0.001	0.997	0.001	0.001
0.001	0.001	0.439	0.559
>CTATCCTK	16-CTATCCTK	3.413510	-71.490175	0	T:25.0(2.42%),B:2.7(0.08%),P:1e-31	Tpos:9.7,Tstd:2.6,Bpos:10.3,Bstd:0.7,StrandBias:10.0,Multiplicity:1.05
0.001	0.997	0.001	0.001
0.001	0.001	0.001	0.997
0.997	0.001	0.001	0.001
0.001	0.028	0.001	0.970
0.001	0.997	0.001	0.001
0.001	0.997	0.001	0.001
0.001	0.001	0.364	0.634
0.150	0.001	0.364	0.485
>AGRGTTAC	17-AGRGTTAC	6.543767	-24.751645	0	T:13.0(1.26%),B:3.7(0.11%),P:1e-10	Tpos:5.0,Tstd:0.0,Bpos:7.5,Bstd:0.9,StrandBias:10.0,Multiplicity:1.00
0.570	0.001	0.393	0.036
0.355	0.001	0.643	0.001
0.465	0.001	0.533	0.001
0.001	0.001	0.997	0.001
0.001	0.001	0.001	0.997
0.001	0.001	0.001	0.997
0.997	0.001	0.001	0.001
0.001	0.997	0.001	0.001
>AAGGTGCT	18-AAGGTGCT	10.853651	-14.039679	0	T:6.0(0.58%),B:1.9(0.06%),P:1e-6	Tpos:6.0,Tstd:0.0,Bpos:8.0,Bstd:0.0,StrandBias:10.0,Multiplicity:1.00
0.997	0.001	0.001	0.001
0.997	0.001	0.001	0.001
0.001	0.001	0.997	0.001
0.001	0.001	0.997	0.001
0.001	0.001	0.001	0.997
0.001	0.001	0.997	0.001
0.001	0.806	0.001	0.192
0.001	0.001	0.001	0.997
>CTACCTTG	19-CTACCTTG	9.159780	-3.968690	0	T:5.0(0.48%),B:5.1(0.15%),P:1e-1	Tpos:9.0,Tstd:0.0,Bpos:11.4,Bstd:2.6,StrandBias:10.0,Multiplicity:1.00
0.001	0.997	0.001	0.001
0.001	0.001	0.001	0.997
0.997	0.001	0.001	0.001
0.001	0.997	0.001	0.001
0.332	0.666	0.001	0.001
0.001	0.001	0.001	0.997
0.001	0.001	0.332	0.666
0.001	0.332	0.666	0.001
