>CTACCTCS	1-CTACCTCS	6.983221	-587.498768	0	T:129.0(22.43%),B:2.6(0.13%),P:1e-255	Tpos:10.3,Tstd:3.3,Bpos:17.0,Bstd:0.0,StrandBias:10.0,Multiplicity:1.00
0.001	0.752	0.062	0.185
0.001	0.123	0.185	0.691
0.814	0.062	0.001	0.123
0.001	0.997	0.001	0.001
0.062	0.875	0.001	0.062
0.062	0.062	0.001	0.875
0.001	0.724	0.274	0.001
0.186	0.358	0.322	0.134
>TACCTCAG	2-TACCTCAG	6.570796	-533.315878	0	T:106.0(18.43%),B:0.6(0.03%),P:1e-231	Tpos:10.6,Tstd:2.6,Bpos:5.0,Bstd:0.0,StrandBias:10.0,Multiplicity:1.01
0.004	0.004	0.004	0.988
0.997	0.001	0.001	0.001
0.001	0.997	0.001	0.001
0.001	0.997	0.001	0.001
0.001	0.001	0.001	0.997
0.001	0.988	0.010	0.001
0.950	0.001	0.004	0.045
0.251	0.190	0.470	0.089
>TGTTACAR	3-TGTTACAR	5.702084	-316.081598	0	T:69.0(12.00%),B:1.1(0.06%),P:1e-137	Tpos:9.8,Tstd:3.2,Bpos:4.4,Bstd:0.4,StrandBias:10.0,Multiplicity:1.02
0.001	0.001	0.001	0.997
0.001	0.001	0.997	0.001
0.001	0.001	0.001	0.997
0.001	0.001	0.001	0.997
0.997	0.001	0.001	0.001
0.001	0.997	0.001	0.001
0.775	0.083	0.001	0.141
0.398	0.142	0.426	0.033
>AACCTMMS	4-AACCTMMS	7.150874	-281.971966	0	T:78.0(13.57%),B:3.7(0.19%),P:1e-122	Tpos:7.0,Tstd:0.0,Bpos:12.6,Bstd:3.6,StrandBias:10.0,Multiplicity:1.00
0.547	0.001	0.133	0.319
0.997	0.001	0.001	0.001
0.096	0.902	0.001	0.001
0.001	0.997	0.001	0.001
0.001	0.001	0.001	0.997
0.547	0.451	0.001	0.001
0.451	0.547	0.001	0.001
0.001	0.547	0.451	0.001
>TGGTGCTA	5-TGGTGCTA	8.137158	-255.462997	0	T:58.0(10.09%),B:1.6(0.08%),P:1e-110	Tpos:11.5,Tstd:6.9,Bpos:10.5,Bstd:1.7,StrandBias:10.0,Multiplicity:1.04
0.031	0.013	0.001	0.955
0.001	0.001	0.997	0.001
0.001	0.296	0.702	0.001
0.001	0.001	0.001	0.997
0.001	0.001	0.997	0.001
0.001	0.997	0.001	0.001
0.001	0.001	0.001	0.997
0.638	0.079	0.229	0.054
>CAGTATTA	6-CAGTATTA	5.301081	-222.143106	0	T:73.0(12.70%),B:5.5(0.28%),P:1e-96	Tpos:10.0,Tstd:5.0,Bpos:7.9,Bstd:1.9,StrandBias:10.0,Multiplicity:1.01
0.019	0.972	0.001	0.008
0.997	0.001	0.001	0.001
0.001	0.001	0.997	0.001
0.001	0.001	0.001	0.997
0.792	0.001	0.206	0.001
0.001	0.001	0.001	0.997
0.008	0.008	0.001	0.983
0.805	0.008	0.103	0.084
>WDTTTACC	7-WDTTTACC	7.419888	-191.987915	0	T:46.0(8.00%),B:1.5(0.08%),P:1e-83	Tpos:8.1,Tstd:2.8,Bpos:16.7,Bstd:3.4,StrandBias:10.0,Multiplicity:1.00
0.382	0.086	0.001	0.531
0.259	0.086	0.359	0.296
0.001	0.085	0.001	0.913
0.001	0.385	0.001	0.613
0.085	0.001	0.001	0.913
0.997	0.001	0.001	0.001
0.001	0.997	0.001	0.001
0.263	0.733	0.001	0.003
>CTGCTACT	8-CTGCTACT	8.230112	-151.507005	0	T:38.0(6.61%),B:1.8(0.09%),P:1e-65	Tpos:8.9,Tstd:3.8,Bpos:10.0,Bstd:0.0,StrandBias:10.0,Multiplicity:1.00
0.247	0.636	0.047	0.070
0.001	0.109	0.016	0.874
0.001	0.001	0.997	0.001
0.048	0.848	0.103	0.001
0.001	0.001	0.001	0.997
0.580	0.001	0.418	0.001
0.001	0.755	0.001	0.243
0.001	0.001	0.001	0.997
>GTGGTGCT	9-GTGGTGCT	7.591035	-118.999836	0	T:46.0(8.00%),B:5.8(0.29%),P:1e-51	Tpos:7.8,Tstd:4.6,Bpos:11.2,Bstd:5.3,StrandBias:10.0,Multiplicity:1.00
0.418	0.001	0.580	0.001
0.302	0.059	0.001	0.638
0.001	0.001	0.997	0.001
0.001	0.243	0.755	0.001
0.001	0.001	0.001	0.997
0.001	0.001	0.997	0.001
0.001	0.997	0.001	0.001
0.001	0.001	0.001	0.997
>TGTTAGAC	10-TGTTAGAC	4.859446	-106.445991	0	T:37.0(6.43%),B:3.5(0.18%),P:1e-46	Tpos:9.6,Tstd:4.3,Bpos:14.5,Bstd:3.8,StrandBias:10.0,Multiplicity:1.00
0.198	0.081	0.081	0.640
0.001	0.001	0.997	0.001
0.001	0.019	0.001	0.979
0.001	0.001	0.001	0.997
0.997	0.001	0.001	0.001
0.001	0.399	0.599	0.001
0.979	0.001	0.019	0.001
0.001	0.580	0.418	0.001
>YWGTTTAC	11-YWGTTTAC	3.469422	-104.484876	0	T:33.0(5.74%),B:2.4(0.12%),P:1e-45	Tpos:8.9,Tstd:5.1,Bpos:9.0,Bstd:0.0,StrandBias:10.0,Multiplicity:1.00
0.001	0.499	0.001	0.499
0.499	0.001	0.001	0.499
0.001	0.001	0.997	0.001
0.001	0.001	0.001	0.997
0.001	0.001	0.001	0.997
0.001	0.001	0.001	0.997
0.997	0.001	0.001	0.001
0.001	0.997	0.001	0.001
>GCAGCTAG	12-GCAGCTAG	3.222336	-102.973239	0	T:51.0(8.87%),B:10.6(0.53%),P:1e-44	Tpos:9.3,Tstd:3.5,Bpos:12.7,Bstd:8.2,StrandBias:10.0,Multiplicity:1.00
0.001	0.001	0.997	0.001
0.001	0.997	0.001	0.001
0.997	0.001	0.001	0.001
0.001	0.269	0.729	0.001
0.001	0.729	0.001	0.269
0.001	0.001	0.001	0.997
0.729	0.001	0.001	0.269
0.075	0.001	0.660	0.264
>CTGAGCCA	13-CTGAGCCA	6.201236	-95.099965	0	T:45.0(7.83%),B:8.1(0.41%),P:1e-41	Tpos:9.6,Tstd:4.0,Bpos:10.1,Bstd:5.6,StrandBias:10.0,Multiplicity:1.02
0.037	0.933	0.015	0.015
0.001	0.001	0.001	0.997
0.001	0.001	0.997	0.001
0.997	0.001	0.001	0.001
0.001	0.001	0.997	0.001
0.001	0.997	0.001	0.001
0.001	0.997	0.001	0.001
0.511	0.125	0.015	0.349
>CGCACAAC	14-CGCACAAC	3.819260	-76.369717	0	T:22.0(3.83%),B:0.5(0.03%),P:1e-33	Tpos:11.0,Tstd:4.0,Bpos:6.0,Bstd:0.0,StrandBias:10.0,Multiplicity:1.00
0.001	0.997	0.001	0.001
0.001	0.001	0.997	0.001
0.001	0.997	0.001	0.001
0.997	0.001	0.001	0.001
0.001	0.997	0.001	0.001
0.997	0.001	0.001	0.001
0.708	0.001	0.001	0.290
0.290	0.708	0.001	0.001
>KRACCTCA	15-KRACCTCA	6.791522	-43.078476	0	T:19.0(3.30%),B:3.2(0.16%),P:1e-18	Tpos:6.6,Tstd:2.4,Bpos:13.6,Bstd:5.6,StrandBias:10.0,Multiplicity:1.00
0.001	0.047	0.537	0.415
0.537	0.047	0.415	0.001
0.997	0.001	0.001	0.001
0.001	0.997	0.001	0.001
0.001	0.997	0.001	0.001
0.001	0.001	0.001	0.997
0.001	0.997	0.001	0.001
0.707	0.001	0.291	0.001
>YTTTGCAC	16-YTTTGCAC	8.320450	-43.078476	0	T:19.0(3.30%),B:3.5(0.18%),P:1e-18	Tpos:9.1,Tstd:6.1,Bpos:5.8,Bstd:1.5,StrandBias:10.0,Multiplicity:1.00
0.156	0.390	0.064	0.390
0.001	0.001	0.001	0.997
0.001	0.001	0.001	0.997
0.001	0.001	0.001	0.997
0.001	0.001	0.997	0.001
0.001	0.997	0.001	0.001
0.997	0.001	0.001	0.001
0.001	0.997	0.001	0.001
>CTCCGGAS	17-CTCCGGAS	7.266569	-27.816952	0	T:10.0(1.74%),B:1.2(0.06%),P:1e-12	Tpos:8.2,Tstd:3.0,Bpos:7.6,Bstd:0.8,StrandBias:10.0,Multiplicity:1.00
0.001	0.631	0.001	0.367
0.001	0.001	0.001	0.997
0.001	0.997	0.001	0.001
0.001	0.997	0.001	0.001
0.001	0.001	0.997	0.001
0.001	0.367	0.631	0.001
0.631	0.001	0.001	0.367
0.001	0.455	0.455	0.088
>GGGGGGGG	18-GGGGGGGG	9.277734	-14.275857	0	T:6.0(1.04%),B:0.4(0.02%),P:1e-6	Tpos:24.7,Tstd:11.1,Bpos:8.3,Bstd:1.1,StrandBias:10.0,Multiplicity:1.00
0.001	0.268	0.462	0.268
0.001	0.033	0.965	0.001
0.001	0.033	0.965	0.001
0.001	0.033	0.965	0.001
0.033	0.001	0.965	0.001
0.268	0.001	0.730	0.001
0.033	0.001	0.965	0.001
0.001	0.001	0.997	0.001
>KACCWYYT	19-KACCWYYT	8.358300	-11.231261	0	T:5.0(0.87%),B:0.0(0.00%),P:1e-4	Tpos:9.0,Tstd:0.0,Bpos:0.0,Bstd:0.0,StrandBias:10.0,Multiplicity:1.00
0.001	0.001	0.466	0.532
0.997	0.001	0.001	0.001
0.001	0.934	0.064	0.001
0.001	0.997	0.001	0.001
0.466	0.001	0.001	0.532
0.001	0.467	0.065	0.467
0.001	0.532	0.001	0.466
0.001	0.001	0.001	0.997
