>AAGCAGGG	1-AAGCAGGG	6.359300	-164.686886	0	T:46.0(20.54%),B:1.1(0.27%),P:1e-71	Tpos:18.1,Tstd:9.2,Bpos:36.8,Bstd:7.2,StrandBias:10.0,Multiplicity:1.07
0.997	0.001	0.001	0.001
0.986	0.001	0.012	0.001
0.001	0.001	0.997	0.001
0.012	0.791	0.196	0.001
0.997	0.001	0.001	0.001
0.012	0.001	0.986	0.001
0.012	0.012	0.975	0.001
0.001	0.012	0.975	0.012
>KRCTTGGT	2-KRCTTGGT	5.448211	-95.809064	0	T:44.0(19.64%),B:4.7(1.19%),P:1e-41	Tpos:30.4,Tstd:11.8,Bpos:15.9,Bstd:3.5,StrandBias:10.0,Multiplicity:1.98
0.001	0.140	0.368	0.491
0.508	0.001	0.490	0.001
0.010	0.610	0.379	0.001
0.189	0.140	0.011	0.660
0.001	0.001	0.001	0.997
0.199	0.001	0.799	0.001
0.329	0.150	0.520	0.001
0.190	0.001	0.238	0.571
>TSKRAGCT	3-TSKRAGCT	5.851239	-74.724525	0	T:34.0(15.18%),B:3.2(0.81%),P:1e-32	Tpos:10.7,Tstd:4.4,Bpos:15.6,Bstd:10.8,StrandBias:10.0,Multiplicity:1.50
0.033	0.273	0.269	0.425
0.120	0.456	0.354	0.071
0.041	0.054	0.396	0.509
0.485	0.063	0.413	0.039
0.911	0.001	0.087	0.001
0.025	0.016	0.587	0.372
0.080	0.785	0.096	0.039
0.009	0.130	0.099	0.762
>CGGRAGAA	4-CGGRAGAA	8.091098	-58.854148	0	T:21.0(9.38%),B:1.4(0.34%),P:1e-25	Tpos:15.8,Tstd:10.3,Bpos:14.6,Bstd:7.1,StrandBias:10.0,Multiplicity:1.00
0.269	0.467	0.263	0.001
0.001	0.001	0.997	0.001
0.249	0.001	0.749	0.001
0.467	0.001	0.531	0.001
0.997	0.001	0.001	0.001
0.381	0.001	0.617	0.001
0.866	0.132	0.001	0.001
0.997	0.001	0.001	0.001
>CAGAAGCT	5-CAGAAGCT	6.291044	-56.347872	0	T:28.0(12.50%),B:3.3(0.84%),P:1e-24	Tpos:11.2,Tstd:4.6,Bpos:22.9,Bstd:7.5,StrandBias:10.0,Multiplicity:1.00
0.100	0.700	0.100	0.100
0.700	0.100	0.100	0.100
0.100	0.100	0.700	0.100
0.700	0.100	0.100	0.100
0.700	0.100	0.100	0.100
0.100	0.100	0.700	0.100
0.100	0.700	0.100	0.100
0.100	0.100	0.100	0.700
>TGAGAGAG	6-TGAGAGAG	10.500841	-37.456473	0	T:15.0(6.70%),B:0.1(0.03%),P:1e-16	Tpos:6.9,Tstd:0.2,Bpos:7.0,Bstd:0.0,StrandBias:10.0,Multiplicity:1.00
0.226	0.058	0.001	0.715
0.134	0.001	0.864	0.001
0.977	0.021	0.001	0.001
0.001	0.001	0.997	0.001
0.997	0.001	0.001	0.001
0.001	0.001	0.997	0.001
0.997	0.001	0.001	0.001
0.001	0.001	0.930	0.068
>ARAGGGGG	7-ARAGGGGG	8.023183	-31.385672	0	T:31.0(13.84%),B:10.8(2.72%),P:1e-13	Tpos:16.6,Tstd:12.7,Bpos:43.4,Bstd:2.6,StrandBias:10.0,Multiplicity:1.10
0.997	0.001	0.001	0.001
0.467	0.001	0.531	0.001
0.968	0.001	0.030	0.001
0.001	0.001	0.997	0.001
0.001	0.001	0.997	0.001
0.327	0.031	0.641	0.001
0.001	0.001	0.997	0.001
0.143	0.001	0.855	0.001
>AAGGAGAG	8-AAGGAGAG	10.870475	-24.538483	0	T:11.0(4.91%),B:1.7(0.42%),P:1e-10	Tpos:9.1,Tstd:5.2,Bpos:37.0,Bstd:0.0,StrandBias:10.0,Multiplicity:1.00
0.904	0.001	0.094	0.001
0.997	0.001	0.001	0.001
0.001	0.001	0.997	0.001
0.001	0.001	0.904	0.094
0.997	0.001	0.001	0.001
0.001	0.001	0.997	0.001
0.997	0.001	0.001	0.001
0.001	0.001	0.997	0.001
>GAGAYACC	9-GAGAYACC	7.606067	-21.520687	0	T:10.0(4.46%),B:0.2(0.06%),P:1e-9	Tpos:13.4,Tstd:7.6,Bpos:21.9,Bstd:1.7,StrandBias:10.0,Multiplicity:1.00
0.001	0.001	0.997	0.001
0.997	0.001	0.001	0.001
0.001	0.001	0.997	0.001
0.757	0.001	0.241	0.001
0.001	0.296	0.269	0.434
0.517	0.241	0.001	0.241
0.001	0.997	0.001	0.001
0.001	0.730	0.001	0.268
>GGGAGGGA	10-GGGAGGGA	7.099869	-19.639924	0	T:32.0(14.29%),B:17.3(4.36%),P:1e-8	Tpos:17.4,Tstd:11.6,Bpos:13.1,Bstd:12.6,StrandBias:10.0,Multiplicity:1.23
0.105	0.001	0.893	0.001
0.001	0.001	0.976	0.022
0.001	0.001	0.976	0.022
0.997	0.001	0.001	0.001
0.001	0.001	0.997	0.001
0.001	0.001	0.997	0.001
0.001	0.001	0.976	0.022
0.997	0.001	0.001	0.001
>GAGAGAGA	11-GAGAGAGA	8.236954	-17.488933	0	T:73.0(32.59%),B:69.2(17.43%),P:1e-7	Tpos:27.0,Tstd:12.8,Bpos:33.2,Bstd:36.7,StrandBias:10.0,Multiplicity:1.25
0.100	0.100	0.700	0.100
0.700	0.100	0.100	0.100
0.100	0.100	0.700	0.100
0.700	0.100	0.100	0.100
0.100	0.100	0.700	0.100
0.700	0.100	0.100	0.100
0.100	0.100	0.700	0.100
0.700	0.100	0.100	0.100
>AAAARARA	12-AAAARARA	9.679171	-5.933691	0	T:4.0(1.79%),B:1.4(0.35%),P:1e-2	Tpos:30.9,Tstd:17.7,Bpos:19.1,Bstd:6.5,StrandBias:10.0,Multiplicity:1.25
0.996	0.002	0.001	0.001
0.997	0.001	0.001	0.001
0.997	0.001	0.001	0.001
0.997	0.001	0.001	0.001
0.531	0.001	0.467	0.001
0.996	0.002	0.001	0.001
0.528	0.002	0.469	0.001
0.996	0.002	0.001	0.001
